# ID RA DEC Hb_z Hb_flux Hb_flux_err Hb_cont Hb_sigmaV OIII_flux OIII_flux_err OIII_cont Ha_z Ha_flux Ha_flux_err Ha_cont Ha_sigmaV NII_flux NII_flux_err NII_cont SII_flux SII_flux_err SII_cont
2422 214.9887087 52.9886209 3.47237 22.084 4.438 0.178 123.904 52.372 4.335 0.187 3.47242 118.494 6.763 0.166 123.903 26.251 7.357 0.17 25.44 5.195 0.218
2508 214.8769394 52.860389 2.28555 81.348 -1.0 0.544 143.807 20.948 -1.0 0.398 2.28535 56.087 7.243 0.4 143.816 31.608 6.456 0.415 -9.0 -9.0 -9.0
2668 215.0014937 52.9440857 2.8995 138.072 -1.0 0.766 168.875 96.229 13.16 0.683 2.89938 165.221 10.114 0.57 168.88 45.182 10.945 0.588 34.679 9.908 0.585
2693 215.0693519 52.9587942 3.66996 53.352 4.399 0.342 166.8 177.139 4.468 0.376 3.66977 207.78 3.538 0.304 166.807 19.196 3.614 0.298 34.247 3.734 0.294
2696 215.1737646 53.0309019 3.35653 10.096 -1.0 0.409 100.075 29.925 2.601 0.378 3.3567 30.11 6.794 0.406 100.071 2.321 -1.0 0.441 4.246 -1.0 0.408
2754 215.1681744 53.0510583 2.24029 13.289 -1.0 0.365 249.323 13.245 3.184 0.306 2.23895 95.621 2.159 0.583 249.426 93.448 2.423 0.581 0.002 0.001 0.592
2900 215.1386231 53.0010372 1.90098 97.812 43.98 4.192 99.966 238.126 84.562 3.687 1.90111 390.719 36.833 3.472 99.962 215.157 27.784 3.492 145.814 44.381 3.257
2904 215.0480768 52.9683408 2.02587 79.432 -1.0 5.273 300.0 183.966 12.284 4.967 2.02587 127.479 6.868 4.924 234.556 129.919 7.243 4.928 164.414 9.771 4.485
2919 214.8858653 52.8397198 1.71858 80.082 13.171 4.279 266.072 842.816 12.521 4.152 1.71858 427.967 7.334 3.977 200.174 395.577 8.291 3.957 139.504 8.976 3.938
3129 215.0541793 52.9259103 1.038 155.123 23.362 9.568 300.0 413.864 24.356 10.006 1.03799 938.81 14.665 13.123 176.274 1574.332 15.517 13.161 642.182 25.536 13.077
3145 214.9497648 52.8687158 2.01586 6.967 2.104 0.263 63.998 50.347 2.207 0.258 2.0218 0.243 -1.0 0.154 63.872 0.244 -1.0 0.151 4.867 0.997 0.143
3187 214.8928069 52.8593413 1.49025 14.608 3.148 0.724 103.374 55.108 2.678 0.691 1.49027 44.202 5.252 0.301 103.373 4.915 -1.0 0.32 4.54 1.886 0.368
3223 215.0727739 53.0118751 2.28746 17.164 5.108 0.084 135.322 70.515 13.039 0.252 2.28697 44.705 3.913 0.072 135.342 6.403 2.565 0.07 4.606 -1.0 0.097
3476 215.045403 52.8945741 1.742 109.466 40.968 13.198 260.553 97.655 -1.0 12.969 1.74375 113.697 34.664 12.495 260.387 89.886 -1.0 12.487 85.107 -1.0 13.007
3501 215.0461715 52.9128179 2.61279 32.48 4.732 0.0 113.87 115.996 5.261 -0.06 2.61251 94.848 3.677 0.0 113.878 3.702 -1.0 -0.054 7.031 2.817 -0.079
3506 215.1562782 53.0598994 2.05645 584.225 9.158 0.0 104.097 4035.819 9.406 0.211 2.05644 1869.112 4.397 0.173 134.815 4.746 -1.0 0.211 12.107 2.987 0.323
3535 215.0501247 52.9419605 2.4897 82.534 5.595 0.235 141.699 391.383 6.506 0.105 2.48958 234.411 2.581 0.125 141.704 10.602 2.124 0.125 34.862 2.809 0.127
3537 215.1436274 53.0048024 2.1629 110.836 5.569 0.103 129.907 349.543 5.517 0.174 2.16275 300.796 1.97 0.06 129.913 2.142 -1.0 0.06 4.97 1.92 0.019
3706 215.1326704 52.9768079 2.03742 9.533 4.317 0.642 225.752 7.322 -1.0 0.622 2.03378 125.886 4.378 0.881 226.024 74.286 4.206 0.904 41.071 5.947 0.987
3788 214.8907857 52.8686992 2.29607 384.805 13.999 1.16 165.146 2482.129 13.515 0.831 2.29586 1229.231 6.167 0.554 165.157 71.769 5.933 0.544 101.464 14.962 0.456
3838 214.8984667 52.8616676 1.92272 73.941 27.025 1.713 163.258 135.29 23.488 2.312 1.92283 293.077 9.322 1.243 163.252 61.862 10.535 1.242 102.628 10.642 1.314
4385 215.179599 53.0620667 3.42294 42.948 3.415 0.033 115.497 279.353 3.801 0.046 3.42303 164.551 5.638 0.149 115.494 11.785 2.455 0.164 13.64 3.653 0.198
4386 215.0676151 52.9843298 2.37221 116.852 11.761 1.107 166.908 397.783 12.163 0.945 2.37197 368.24 5.919 0.416 166.921 32.022 4.893 0.379 -9.0 -9.0 -9.0
4402 215.0559956 53.004531 3.33086 91.561 6.709 0.48 131.236 411.551 6.778 0.492 3.33061 384.473 8.173 0.229 131.244 40.204 12.501 0.22 56.141 10.032 0.273
4680 215.2304288 53.0673957 1.90139 44.918 9.516 1.335 163.319 35.809 8.542 1.404 1.90105 309.839 10.112 1.61 163.338 158.504 9.789 1.605 83.844 10.709 1.644
4768 215.2333809 53.0738011 1.58956 117.848 -1.0 13.679 83.926 30.383 -1.0 13.936 1.59038 23.394 -1.0 16.008 83.9 70.105 18.257 16.125 6.416 14.581 15.783
5106 214.9095971 52.8802025 2.1443 18.536 -1.0 0.274 106.359 260.691 15.185 0.285 2.1443 131.217 9.941 0.299 132.225 10.716 -1.0 0.307 16.859 4.982 0.279
5113 214.9692881 52.9275762 1.40202 61.931 9.002 1.039 109.208 203.761 7.92 1.088 1.40171 189.337 18.461 1.004 109.222 17.798 -1.0 1.015 55.286 13.32 0.83
5117 215.0659987 52.9982025 1.5737 69.098 17.274 2.011 101.088 230.597 13.609 2.007 1.57355 364.661 24.586 0.937 101.094 27.897 10.966 0.934 21.941 -1.0 1.074
5251 214.9527213 52.827931 3.10858 94.349 7.13 0.345 132.741 450.419 7.05 0.324 3.10838 491.314 8.687 0.0 132.747 14.769 2.723 -0.092 71.911 8.895 0.202
5300 214.9665098 52.8466679 2.13739 71.05 4.719 0.54 156.155 302.142 4.851 0.579 2.1371 230.949 5.311 0.306 156.169 6.262 -1.0 0.305 34.613 3.897 0.221
5362 214.9426659 52.8299741 1.71728 19.117 4.978 0.73 155.257 83.262 11.773 0.407 1.71731 86.167 8.902 0.41 155.255 17.861 3.987 0.392 8.694 -1.0 0.359
5409 214.8681252 52.8388596 1.69948 62.283 7.209 1.522 118.908 82.944 7.491 1.389 1.69932 235.187 12.321 1.699 118.915 42.229 8.047 1.73 16.216 3.597 1.771
5413 215.0723474 52.9891068 1.73446 12.52 -1.0 0.994 126.052 3.22 -1.0 1.004 1.74149 84.725 4.226 0.518 125.729 10.545 2.161 0.517 16.143 3.121 0.474
5430 214.9713251 52.9320531 1.67677 233.314 21.994 5.566 120.702 218.069 32.451 5.132 1.67694 789.716 68.647 2.583 120.694 302.835 53.618 3.02 232.246 51.825 3.803
5582 215.0355582 52.9466806 2.18534 189.522 39.616 1.542 144.497 630.741 46.763 1.613 2.1853 765.571 26.671 2.17 144.499 31.285 -1.0 2.125 199.447 36.616 1.701
5632 215.0625372 52.994959 2.5314 149.044 5.132 0.94 168.208 812.86 5.201 0.864 2.53132 543.039 3.208 0.478 168.212 38.644 2.893 0.478 49.754 3.927 0.454
6265 215.1375882 53.0031231 -9.0 -9.0 -9.0 -9.0 -9.0 29.831 -1.0 1.788 1.90214 239.756 24.975 0.0 106.803 22.287 -1.0 -0.457 152.508 29.597 1.168
6540 215.1252465 53.0048165 1.57724 1854.248 61.253 12.8 133.682 3892.375 62.91 12.841 1.57724 8115.071 71.085 10.886 108.411 1163.164 65.73 10.803 1518.197 82.684 9.996
6563 214.9401821 52.8360254 1.69987 177.575 9.421 4.244 128.027 271.275 9.43 4.231 1.70006 849.641 12.202 3.066 128.018 194.158 12.295 3.038 190.707 11.206 2.833
6649 215.21636 53.0237355 1.68635 215.806 10.006 5.995 110.012 313.157 9.604 6.003 1.6863 1350.062 13.996 4.883 110.014 320.924 13.958 5.011 259.71 16.908 4.946
6689 214.9377543 52.8264538 1.4611 0.4 -1.0 11.751 128.024 40.799 11.283 11.388 1.46142 292.681 15.295 10.67 128.007 231.301 14.471 10.68 34.813 8.978 10.458
7975 215.1300978 52.9538268 2.74263 102.877 6.797 1.304 155.156 372.686 6.584 1.164 2.74244 396.31 5.091 0.725 155.164 66.508 4.873 0.709 70.502 5.236 0.669
8041 214.9680391 52.8429609 1.63076 247.972 -1.0 2.035 251.596 332.664 55.15 1.919 1.62698 897.324 51.217 1.025 251.958 71.996 -1.0 1.073 443.12 29.636 1.399
8110 215.0486679 52.9034212 1.56729 190.099 16.099 4.022 130.262 320.36 15.992 3.938 1.56691 683.503 19.56 1.842 130.281 102.034 15.864 1.865 66.099 14.017 2.097
8299 215.1519541 52.9927709 2.15748 58.693 9.194 1.243 171.711 201.783 9.419 1.116 2.15754 343.156 3.559 1.094 171.708 97.217 3.494 1.055 81.531 4.493 0.986
8515 215.0595679 52.9434344 1.56826 166.021 17.151 3.37 99.888 268.376 13.218 3.558 1.56806 589.431 15.337 1.764 99.896 89.248 13.125 1.775 79.746 14.638 1.696
8588 214.9111703 52.8430445 2.33705 51.396 8.705 0.743 161.505 65.513 9.703 0.785 2.33682 204.247 3.782 0.71 161.516 92.856 3.911 0.711 56.946 6.047 0.674
8710 214.8815588 52.8306337 2.33773 73.872 9.107 0.803 136.494 290.807 8.545 0.796 2.33771 246.372 4.031 0.271 136.495 21.853 4.553 0.274 29.254 5.342 0.248
8736 214.8855555 52.8350433 1.55506 44.329 3.739 1.719 99.919 138.735 4.073 1.624 1.55463 155.542 4.656 1.114 99.935 18.245 3.09 1.109 28.684 3.94 1.114
8971 215.1552459 53.0488005 1.5741 159.108 5.843 2.678 113.728 539.542 6.329 2.673 1.57402 685.757 6.387 1.809 113.731 66.433 7.073 1.805 106.733 6.955 1.761
9025 214.891632 52.8656302 1.65152 24.136 -1.0 1.251 194.967 6.214 -1.0 1.191 1.64553 35.136 8.256 1.087 195.409 21.516 6.284 1.069 18.552 7.114 1.192
9052 215.0741135 52.9965476 1.87213 42.088 7.033 0.701 120.744 155.057 7.216 0.632 1.87245 3.15 -1.0 0.301 120.731 3.158 -1.0 0.299 2.173 -1.0 0.305
9156 214.9829516 52.9357996 2.05446 159.954 14.767 1.622 130.599 585.758 14.329 1.718 2.0542 623.002 10.721 1.171 130.61 61.889 9.298 1.113 140.427 11.808 1.033
9211 215.1741079 53.0734897 1.632 185.502 5.728 1.399 107.59 894.296 5.889 1.418 1.63215 629.871 9.407 0.82 107.584 29.745 5.921 0.772 90.915 8.897 0.611
9238 215.0777875 53.0065121 1.74226 70.073 7.087 0.769 113.18 238.476 8.005 0.764 1.74217 336.966 6.24 0.683 113.184 48.297 6.025 0.671 78.592 8.556 0.536
9413 215.0612039 53.0035121 1.39062 47.716 9.528 2.04 120.518 110.429 6.681 2.013 1.39021 180.238 8.835 1.062 120.539 29.712 12.807 1.057 11.068 3.36 1.047
11088 214.9342063 52.8263678 3.30299 147.839 8.07 0.347 136.654 880.955 8.126 0.331 3.30307 636.843 3.869 0.214 136.651 56.836 3.67 0.227 65.063 3.707 0.233
11580 214.9571398 52.8723687 3.22898 8.447 2.444 0.113 117.245 35.931 1.948 0.113 3.22855 25.748 2.192 0.08 117.257 2.203 -1.0 0.076 2.386 -1.0 0.059
11699 214.8977231 52.8361155 3.30223 49.186 22.604 0.0 108.803 238.354 26.988 0.146 3.30269 168.116 3.003 0.144 108.792 12.675 2.945 0.14 2.096 -1.0 0.13
11903 215.1619465 53.0337479 3.10962 8.365 1.421 0.043 107.995 29.085 1.9 -0.029 3.10875 42.189 3.368 0.112 108.018 6.244 2.585 0.108 3.852 -1.0 0.137
12286 214.9907912 52.9350279 2.95618 21.742 3.743 0.071 105.698 150.71 3.61 0.016 2.95615 92.901 3.974 0.0 105.698 3.856 -1.0 -0.036 21.604 5.059 -0.072
12308 214.9743451 52.9246084 3.44558 5.012 -1.0 0.2 128.813 1.291 -1.0 0.186 3.45747 357.421 4.379 0.067 128.47 14.166 3.935 0.065 39.845 6.013 0.078
12507 214.9868591 52.9446488 3.32181 39.021 3.091 0.109 110.214 256.965 3.147 0.079 3.32193 144.25 2.873 0.036 110.211 7.37 2.362 0.038 9.542 2.584 0.049
13980 215.2256288 53.028867 3.34831 68.978 8.181 0.1 118.43 240.736 8.892 0.109 3.34827 293.281 10.878 0.022 118.431 -9.0 -9.0 -9.0 40.31 9.68 0.013
16406 215.0325153 52.8975107 2.77199 10.586 2.388 0.0 125.938 104.823 2.369 0.019 2.77168 52.779 1.773 0.0 125.948 0.97 0.311 -0.031 7.792 1.428 -0.021
16551 215.1268573 52.9680831 2.57264 89.838 11.397 0.118 121.121 419.888 7.445 0.167 2.57242 204.428 4.633 0.12 121.129 4.064 0.84 0.118 32.828 7.069 0.135
16991 214.9414977 52.8505574 2.54117 63.43 4.675 0.244 137.197 627.571 4.529 0.301 2.54103 299.194 2.153 0.148 137.203 15.008 2.584 0.15 26.036 2.375 0.153
17056 215.0956225 52.9617521 2.73664 19.51 2.504 0.073 125.331 146.946 2.751 0.12 2.73626 134.663 4.837 0.117 125.344 5.114 -1.0 0.115 7.117 6.297 0.155
17186 215.1428364 52.9981411 2.11471 65.636 -1.0 0.681 186.102 72.92 14.749 0.916 2.11466 76.366 6.199 0.314 186.104 18.251 5.972 0.323 10.028 3.127 0.349
17264 215.2223431 53.0568435 2.02239 50.503 4.732 0.26 100.02 303.637 5.043 0.309 2.0219 0.001 0.0 0.113 100.036 0.001 0.0 0.111 0.034 -1.0 0.101
17425 214.986914 52.8953471 2.40409 54.328 -1.0 0.0 152.481 45.477 5.293 0.067 2.40429 29.569 2.667 0.018 152.472 4.466 0.997 0.01 6.789 1.508 0.011
17463 215.1358658 53.0018255 2.30336 23.312 6.2 0.125 128.913 133.766 6.281 0.127 2.30326 129.866 4.596 0.076 128.917 9.689 3.882 0.099 9.332 2.668 0.103
17496 214.9902697 52.8995161 2.37423 46.651 4.549 0.257 139.325 213.206 4.345 0.21 2.37409 121.84 2.727 0.063 139.331 7.606 2.191 0.061 26.236 3.323 0.066
18294 214.988628 52.9229215 2.63665 44.956 5.841 0.532 129.911 172.557 5.703 0.534 2.63674 211.954 3.477 0.418 129.908 21.134 4.167 0.417 33.872 5.214 0.408
19179 215.0497743 52.9919114 2.71438 37.468 9.519 0.62 145.665 80.551 8.863 0.616 2.71423 186.106 7.801 0.487 145.671 31.261 8.962 0.483 54.865 9.877 0.466
23542 215.1484165 52.9551591 1.27842 652.439 37.968 8.732 128.643 1545.734 35.388 8.598 1.27821 2982.561 36.267 6.0 128.655 480.884 32.883 6.116 619.558 51.527 5.94
26594 215.1211346 52.9843726 1.40751 57.497 4.631 0.948 103.504 151.181 5.175 1.116 1.40761 128.71 9.257 1.033 103.5 10.021 3.332 1.032 16.814 3.31 0.895
26836 214.9074844 52.8366454 2.01086 63.429 9.886 0.086 127.545 465.982 9.386 0.175 2.01094 163.175 5.112 0.161 127.542 5.395 -1.0 0.158 4.483 1.648 0.132
27063 215.2167235 53.0578549 1.59506 10.771 3.761 0.762 117.9 58.443 4.689 0.753 1.59482 70.488 5.945 0.381 117.911 11.867 3.727 0.361 6.518 1.646 0.282
27182 215.0494545 52.9419542 2.48971 35.612 2.391 0.1 141.802 168.098 2.784 0.045 2.48958 98.223 1.016 0.05 141.807 4.579 0.854 0.052 13.453 1.211 0.053
28886 214.9091161 52.8657833 1.67519 17.272 -1.0 0.551 89.793 39.37 4.49 0.561 1.6749 48.599 7.613 0.292 89.803 6.891 -1.0 0.291 26.599 6.196 0.165
29756 215.0664836 52.9886209 1.24048 9.943 4.503 0.579 102.884 34.302 3.037 0.633 1.24047 42.353 5.656 0.444 102.885 6.638 1.844 0.443 4.151 1.853 0.377
29775 214.9734594 52.9224645 1.06057 20.964 4.663 2.527 100.069 79.191 4.562 2.597 1.05375 0.0 0.0 2.238 100.402 0.0 0.0 2.233 -9.0 -9.0 -9.0
30715 215.0250634 52.9719759 1.89684 25.84 -1.0 0.093 123.914 31.491 3.269 0.08 1.89658 16.148 1.964 0.055 123.925 2.088 -1.0 0.052 2.03 -1.0 0.058
31075 215.0435549 52.9899173 1.28379 70.301 3.794 0.213 106.357 329.672 3.803 0.231 1.28368 229.195 5.112 0.378 106.362 3.857 1.121 0.34 18.605 5.296 0.207
36119 214.9309198 52.8257515 1.91238 25.903 6.412 0.791 119.124 141.076 11.602 0.657 1.91251 76.679 7.283 0.0 119.119 -9.0 -9.0 -9.0 -9.0 -9.0 -9.0
37597 215.0821113 52.9986764 1.41671 33.682 2.321 0.0 94.461 118.601 2.45 -0.006 1.41695 97.328 3.587 0.0 94.452 3.319 -1.0 -0.054 10.865 2.94 0.025
39481 214.9940615 53.0016763 1.63351 12.026 1.105 0.156 96.089 51.714 1.191 0.124 1.63335 31.937 2.039 0.107 96.095 1.806 0.579 0.106 4.24 1.043 0.091
40380 215.2186493 53.0329311 -9.0 -9.0 -9.0 -9.0 -9.0 -9.0 -9.0 -9.0 0.95779 57.136 5.267 0.452 127.576 5.549 -1.0 0.44 25.541 6.845 0.477
