# ID RA DEC Hb_z Hb_flux Hb_flux_err Hb_cont Hb_sigmaV OIII_5007_flux OIII_5007_flux_err OIII_5007_cont Ha_z Ha_flux Ha_flux_err Ha_cont Ha_sigmaV NII_6583_flux NII_6583_flux_err NII_6583_cont SII_flux SII_flux_err SII_cont SIII_9531_z SIII_9531_flux SIII_9531_flux_err SIII_9531_cont SIII_9531_sigmaV CI_9850_flux CI_9850_flux_err CI_9850_cont HeI_10830_z HeI_10830_flux HeI_10830_flux_err HeI_10830_cont HeI_10830_sigmaV PaG_flux PaG_flux_err PaG_cont PII_1188_flux PII_1188_flux_err PII_1188_cont FeII_1257_flux FeII_1257_flux_err FeII_1257_cont PaB_z PaB_flux PaB_flux_err PaB_cont PaB_sigmaV FeII_164_flux FeII_164_flux_err FeII_164_cont PaA_z PaA_flux PaA_flux_err PaA_cont PaA_sigmaV
2422 214.9887087 52.9886209 3.47237 22.084 4.438 0.178 123.904 52.372 4.335 0.187 3.47242 118.494 6.763 0.166 123.903 26.251 7.357 0.17 25.44 5.195 0.218 3.47225 27.106 7.917 0.245 143.081 6.244 -1.0 0.185 3.47269 35.73 7.648 0.25 123.895 37.776 -1.0 0.247 -9.0 -9.0 -9.0 -9.0 -9.0 -9.0 -9.0 -9.0 -9.0 -9.0 -9.0 -9.0 -9.0 -9.0 -9.0 -9.0 -9.0 -9.0 -9.0
2508 214.8769394 52.860389 2.28555 81.348 -1.0 0.544 143.807 20.948 -1.0 0.398 2.28535 56.087 7.243 0.4 143.816 31.608 6.456 0.415 -9.0 -9.0 -9.0 2.28619 20.859 5.899 0.644 163.302 5.285 1.519 0.577 2.28574 23.337 2.563 0.662 143.799 11.808 0.564 0.664 4.143 -1.0 0.675 6.877 -1.0 0.721 2.2858 24.29 5.907 0.721 143.796 -9.0 -9.0 -9.0 -9.0 -9.0 -9.0 -9.0 -9.0
2668 215.0014937 52.9440857 2.8995 138.072 -1.0 0.766 168.875 96.229 13.16 0.683 2.89938 165.221 10.114 0.57 168.88 45.182 10.945 0.588 34.679 9.908 0.585 2.89969 88.533 6.857 0.579 193.865 10.215 -1.0 0.585 2.90068 80.132 7.258 0.575 168.824 43.7 -1.0 0.602 16.809 -1.0 0.494 23.383 -1.0 0.56 2.89975 49.675 14.177 0.57 168.864 -9.0 -9.0 -9.0 -9.0 -9.0 -9.0 -9.0 -9.0
2693 215.0693519 52.9587942 3.66996 53.352 4.399 0.342 166.8 177.139 4.468 0.376 3.66977 207.78 3.538 0.304 166.807 19.196 3.614 0.298 34.247 3.734 0.294 3.66926 51.881 5.123 0.205 191.828 12.107 2.967 0.236 3.66822 11.854 4.463 0.233 166.863 38.624 -1.0 0.245 -9.0 -9.0 -9.0 -9.0 -9.0 -9.0 -9.0 -9.0 -9.0 -9.0 -9.0 -9.0 -9.0 -9.0 -9.0 -9.0 -9.0 -9.0 -9.0
2696 215.1737646 53.0309019 3.35653 10.096 -1.0 0.409 100.075 29.925 2.601 0.378 3.3567 30.11 6.794 0.406 100.071 2.321 -1.0 0.441 4.246 -1.0 0.408 3.35663 0.961 -1.0 0.14 75.072 1.423 -1.0 0.129 3.35722 8.175 2.376 0.116 100.059 10.016 -1.0 0.112 2.902 -1.0 0.082 -9.0 -9.0 -9.0 -9.0 -9.0 -9.0 -9.0 -9.0 -9.0 -9.0 -9.0 -9.0 -9.0 -9.0 -9.0 -9.0
2754 215.1681744 53.0510583 2.24029 13.289 -1.0 0.365 249.323 13.245 3.184 0.306 2.23895 95.621 2.159 0.583 249.426 93.448 2.423 0.581 0.002 0.001 0.592 2.23967 61.669 3.523 1.071 274.365 19.97 8.549 1.16 2.23872 31.545 2.496 1.255 249.444 17.38 -1.0 1.254 14.856 6.274 1.229 18.403 4.276 1.227 2.23859 63.752 4.533 1.195 249.454 -9.0 -9.0 -9.0 -9.0 -9.0 -9.0 -9.0 -9.0
2900 215.1386231 53.0010372 1.90098 97.812 43.98 4.192 99.966 238.126 84.562 3.687 1.90111 390.719 36.833 3.472 99.962 215.157 27.784 3.492 145.814 44.381 3.257 1.90177 112.813 21.897 4.032 99.939 16.743 -1.0 4.201 1.90174 86.53 14.736 4.721 99.94 65.428 -1.0 4.689 37.556 9.389 4.517 75.599 26.105 4.616 1.90091 58.49 13.056 4.388 99.969 28.164 11.581 2.507 -9.0 -9.0 -9.0 -9.0 -9.0
2904 215.0480768 52.9683408 2.02587 79.432 -1.0 5.273 300.0 183.966 12.284 4.967 2.02587 127.479 6.868 4.924 234.556 129.919 7.243 4.928 164.414 9.771 4.485 2.02585 28.179 8.386 2.54 209.557 6.039 -1.0 2.642 2.02276 0.354 -1.0 2.504 10.01 1.432 -1.0 2.482 2.728 0.65 2.134 29.318 3.296 2.049 2.02441 20.828 -1.0 1.987 187.431 7.53 -1.0 1.579 -9.0 -9.0 -9.0 -9.0 -9.0
2919 214.8858653 52.8397198 1.71858 80.082 13.171 4.279 266.072 842.816 12.521 4.152 1.71858 427.967 7.334 3.977 200.174 395.577 8.291 3.957 139.504 8.976 3.938 1.71852 274.539 8.382 2.927 209.505 33.547 5.744 2.882 1.7187 225.507 4.359 2.859 262.22 53.489 0.046 2.847 11.255 5.06 2.759 56.322 17.426 2.587 1.71843 80.693 17.272 2.448 217.93 41.139 6.61 2.245 1.71852 286.314 8.149 2.175 142.015
3129 215.0541793 52.9259103 1.038 155.123 23.362 9.568 300.0 413.864 24.356 10.006 1.03799 938.81 14.665 13.123 176.274 1574.332 15.517 13.161 642.182 25.536 13.077 1.03787 417.175 21.674 12.887 201.286 171.419 20.485 13.129 1.03829 368.365 11.716 12.686 143.075 133.986 0.123 12.493 83.386 17.909 12.592 159.011 13.304 12.722 1.03785 260.634 13.44 12.585 123.068 131.12 10.231 8.429 1.03793 974.4 14.081 8.07 154.038
3145 214.9497648 52.8687158 2.01586 6.967 2.104 0.263 63.998 50.347 2.207 0.258 2.0218 0.243 -1.0 0.154 63.872 0.244 -1.0 0.151 4.867 0.997 0.143 2.01516 5.381 1.828 0.085 64.012 1.938 0.637 0.071 2.01617 0.383 -1.0 0.073 63.991 1.548 -1.0 0.069 0.303 -1.0 0.058 1.304 0.267 0.057 2.0154 2.922 0.697 0.054 64.007 1.254 -1.0 0.03 -9.0 -9.0 -9.0 -9.0 -9.0
3187 214.8928069 52.8593413 1.49025 14.608 3.148 0.724 103.374 55.108 2.678 0.691 1.49027 44.202 5.252 0.301 103.373 4.915 -1.0 0.32 4.54 1.886 0.368 1.49193 1.6 -1.0 0.122 128.288 1.586 -1.0 0.159 1.48944 2.901 0.93 0.125 103.408 4.7 2.26 0.125 4.778 1.878 0.088 1.348 -1.0 0.094 1.49108 1.821 0.465 0.097 103.34 1.55 -1.0 0.083 1.49157 1.982 -1.0 0.048 78.332
3223 215.0727739 53.0118751 2.28746 17.164 5.108 0.084 135.322 70.515 13.039 0.252 2.28697 44.705 3.913 0.072 135.342 6.403 2.565 0.07 4.606 -1.0 0.097 2.28775 10.413 1.823 0.049 130.262 1.608 -1.0 0.056 2.28675 4.122 1.031 0.049 135.351 5.516 -1.0 0.045 1.454 -1.0 0.032 1.584 -1.0 0.018 2.28594 2.617 1.144 0.029 135.384 -9.0 -9.0 -9.0 -9.0 -9.0 -9.0 -9.0 -9.0
3476 215.045403 52.8945741 1.742 109.466 40.968 13.198 260.553 97.655 -1.0 12.969 1.74375 113.697 34.664 12.495 260.387 89.886 -1.0 12.487 85.107 -1.0 13.007 1.74192 68.611 -1.0 12.354 260.598 73.758 -1.0 11.554 1.74466 59.639 -1.0 13.938 260.3 240.964 -1.0 14.025 52.567 -1.0 13.279 57.989 -1.0 13.156 1.74283 236.608 -1.0 12.629 260.474 857.831 -1.0 10.885 1.74558 69.0 -1.0 8.987 260.237
3501 215.0461715 52.9128179 2.61279 32.48 4.732 0.0 113.87 115.996 5.261 -0.06 2.61251 94.848 3.677 0.0 113.878 3.702 -1.0 -0.054 7.031 2.817 -0.079 2.61275 1.606 0.359 0.019 88.872 1.555 0.324 0.006 2.61224 4.967 0.992 0.005 113.887 3.36 -1.0 0.008 -9.0 -9.0 -9.0 1.68 -1.0 0.012 2.61275 5.36 1.362 0.016 113.871 -9.0 -9.0 -9.0 -9.0 -9.0 -9.0 -9.0 -9.0
3506 215.1562782 53.0598994 2.05645 584.225 9.158 0.0 104.097 4035.819 9.406 0.211 2.05644 1869.112 4.397 0.173 134.815 4.746 -1.0 0.211 12.107 2.987 0.323 2.05661 44.253 3.934 0.162 109.809 2.3 -1.0 0.137 2.05641 585.522 2.326 0.137 159.352 78.579 0.001 0.134 1.142 -1.0 0.079 4.514 1.318 0.077 2.05622 119.202 1.171 0.081 109.346 11.067 3.144 0.058 -9.0 -9.0 -9.0 -9.0 -9.0
3535 215.0501247 52.9419605 2.4897 82.534 5.595 0.235 141.699 391.383 6.506 0.105 2.48958 234.411 2.581 0.125 141.704 10.602 2.124 0.125 34.862 2.809 0.127 2.48956 41.03 2.155 0.137 166.705 2.03 -1.0 0.117 2.4897 30.699 1.259 0.115 141.699 7.835 0.081 0.107 2.938 -1.0 0.099 3.597 1.432 0.093 2.48934 13.24 1.619 0.086 141.714 -9.0 -9.0 -9.0 -9.0 -9.0 -9.0 -9.0 -9.0
3537 215.1436274 53.0048024 2.1629 110.836 5.569 0.103 129.907 349.543 5.517 0.174 2.16275 300.796 1.97 0.06 129.913 2.142 -1.0 0.06 4.97 1.92 0.019 2.1631 1.581 -1.0 0.012 104.901 1.733 -1.0 0.004 2.16284 92.147 1.145 0.025 129.909 10.905 0.017 0.022 1.051 -1.0 0.021 1.635 -1.0 0.011 2.16259 23.787 1.252 0.022 129.92 3.246 0.978 -0.046 -9.0 -9.0 -9.0 -9.0 -9.0
3706 215.1326704 52.9768079 2.03742 9.533 4.317 0.642 225.752 7.322 -1.0 0.622 2.03378 125.886 4.378 0.881 226.024 74.286 4.206 0.904 41.071 5.947 0.987 2.03402 29.842 4.686 1.037 251.003 11.637 2.575 1.14 2.03281 24.661 2.165 0.935 226.095 4.533 1.566 0.921 7.658 2.011 1.015 10.299 2.739 1.018 2.03372 26.576 2.884 1.041 226.028 6.515 -1.0 1.061 -9.0 -9.0 -9.0 -9.0 -9.0
3788 214.8907857 52.8686992 2.29607 384.805 13.999 1.16 165.146 2482.129 13.515 0.831 2.29586 1229.231 6.167 0.554 165.157 71.769 5.933 0.544 101.464 14.962 0.456 2.29587 186.977 7.51 0.246 140.157 -9.0 -9.0 -9.0 2.29603 259.748 3.821 0.294 165.149 56.162 0.02 0.297 11.463 4.478 0.291 26.402 8.55 0.242 2.29592 107.895 5.373 0.267 165.154 -9.0 -9.0 -9.0 -9.0 -9.0 -9.0 -9.0 -9.0
3838 214.8984667 52.8616676 1.92272 73.941 27.025 1.713 163.258 135.29 23.488 2.312 1.92283 293.077 9.322 1.243 163.252 61.862 10.535 1.242 102.628 10.642 1.314 1.92247 60.296 10.987 0.996 168.667 32.293 10.485 0.83 1.92186 12.354 2.914 0.768 163.306 40.192 -1.0 0.722 9.09 1.894 0.581 1.499 -1.0 0.581 1.9238 6.116 -1.0 0.563 163.198 38.222 7.832 0.426 -9.0 -9.0 -9.0 -9.0 -9.0
4385 215.179599 53.0620667 3.42294 42.948 3.415 0.033 115.497 279.353 3.801 0.046 3.42303 164.551 5.638 0.149 115.494 11.785 2.455 0.164 13.64 3.653 0.198 3.42286 25.079 3.293 0.085 111.947 5.936 1.81 0.06 3.42355 31.845 4.575 0.091 115.481 14.579 2.146 0.087 12.037 -1.0 0.268 -9.0 -9.0 -9.0 -9.0 -9.0 -9.0 -9.0 -9.0 -9.0 -9.0 -9.0 -9.0 -9.0 -9.0 -9.0 -9.0
4386 215.0676151 52.9843298 2.37221 116.852 11.761 1.107 166.908 397.783 12.163 0.945 2.37197 368.24 5.919 0.416 166.921 32.022 4.893 0.379 -9.0 -9.0 -9.0 2.37236 70.768 3.458 0.303 191.898 3.495 -1.0 0.277 2.37217 53.926 2.141 0.267 166.91 13.359 0.139 0.259 20.218 3.783 0.033 5.935 1.788 0.214 2.37238 39.402 4.111 0.221 166.9 -9.0 -9.0 -9.0 -9.0 -9.0 -9.0 -9.0 -9.0
4402 215.0559956 53.004531 3.33086 91.561 6.709 0.48 131.236 411.551 6.778 0.492 3.33061 384.473 8.173 0.229 131.244 40.204 12.501 0.22 56.141 10.032 0.273 3.33047 82.911 5.315 0.186 131.248 7.697 -1.0 0.204 3.33052 91.536 6.212 0.166 131.246 25.696 2.256 0.194 14.238 -1.0 0.216 -9.0 -9.0 -9.0 -9.0 -9.0 -9.0 -9.0 -9.0 -9.0 -9.0 -9.0 -9.0 -9.0 -9.0 -9.0 -9.0
4680 215.2304288 53.0673957 1.90139 44.918 9.516 1.335 163.319 35.809 8.542 1.404 1.90105 309.839 10.112 1.61 163.338 158.504 9.789 1.605 83.844 10.709 1.644 1.90122 76.769 8.244 1.794 138.33 7.898 -1.0 1.805 1.90147 48.451 3.907 1.552 163.315 15.964 0.549 1.531 9.065 3.476 1.514 22.626 4.247 1.595 1.9009 67.41 4.201 1.598 163.347 27.357 10.238 1.473 -9.0 -9.0 -9.0 -9.0 -9.0
4768 215.2333809 53.0738011 1.58956 117.848 -1.0 13.679 83.926 30.383 -1.0 13.936 1.59038 23.394 -1.0 16.008 83.9 70.105 18.257 16.125 6.416 14.581 15.783 1.59012 13.641 -1.0 16.335 58.906 14.441 -1.0 16.804 1.59018 102.562 24.098 17.125 83.907 94.408 -1.0 17.321 14.821 -1.0 17.287 31.425 9.944 18.291 1.59124 40.492 9.461 18.23 83.872 29.244 -1.0 15.222 1.59132 178.625 43.781 10.876 108.861
5106 214.9095971 52.8802025 2.1443 18.536 -1.0 0.274 106.359 260.691 15.185 0.285 2.1443 131.217 9.941 0.299 132.225 10.716 -1.0 0.307 16.859 4.982 0.279 2.14461 32.595 8.248 0.089 157.21 14.4 -1.0 0.09 2.14279 13.629 -1.0 0.087 265.472 23.106 2.378 0.074 6.588 -1.0 0.128 21.959 9.665 0.04 2.14352 20.674 10.174 0.024 330.082 8.732 2.872 0.112 -9.0 -9.0 -9.0 -9.0 -9.0
5113 214.9692881 52.9275762 1.40202 61.931 9.002 1.039 109.208 203.761 7.92 1.088 1.40171 189.337 18.461 1.004 109.222 17.798 -1.0 1.015 55.286 13.32 0.83 1.40199 47.058 8.55 0.391 130.764 5.395 -1.0 0.344 1.40155 12.465 4.426 0.302 109.229 28.2 -1.0 0.301 9.36 -1.0 0.135 6.127 -1.0 0.117 1.40183 19.933 5.148 0.127 109.217 3.546 -1.0 0.175 1.4014 35.103 6.434 0.153 101.07
5117 215.0659987 52.9982025 1.5737 69.098 17.274 2.011 101.088 230.597 13.609 2.007 1.57355 364.661 24.586 0.937 101.094 27.897 10.966 0.934 21.941 -1.0 1.074 1.57405 35.595 7.04 0.839 106.639 6.928 -1.0 0.743 -9.0 -9.0 -9.0 -9.0 -9.0 -9.0 -9.0 -9.0 6.18 -1.0 0.559 9.129 -1.0 -0.165 1.57337 37.252 -1.0 0.0 101.101 8.871 -1.0 0.313 1.57327 57.061 13.931 0.114 126.108
5251 214.9527213 52.827931 3.10858 94.349 7.13 0.345 132.741 450.419 7.05 0.324 3.10838 491.314 8.687 0.0 132.747 14.769 2.723 -0.092 71.911 8.895 0.202 3.10844 101.774 6.261 0.231 157.745 6.03 -1.0 0.239 3.10787 87.834 6.803 0.226 132.764 32.116 0.637 0.181 10.693 -1.0 0.218 29.166 9.853 0.232 3.10956 50.56 -1.0 0.186 132.709 -9.0 -9.0 -9.0 -9.0 -9.0 -9.0 -9.0 -9.0
5300 214.9665098 52.8466679 2.13739 71.05 4.719 0.54 156.155 302.142 4.851 0.579 2.1371 230.949 5.311 0.306 156.169 6.262 -1.0 0.305 34.613 3.897 0.221 2.13728 31.733 2.543 0.161 137.743 2.856 -1.0 0.132 2.13723 19.077 1.45 0.136 156.163 8.036 0.125 0.118 1.941 -1.0 0.121 4.375 1.052 0.111 2.13691 13.854 2.359 0.109 156.179 9.498 -1.0 0.037 -9.0 -9.0 -9.0 -9.0 -9.0
5362 214.9426659 52.8299741 1.71728 19.117 4.978 0.73 155.257 83.262 11.773 0.407 1.71731 86.167 8.902 0.41 155.255 17.861 3.987 0.392 8.694 -1.0 0.359 1.7155 7.973 -1.0 0.242 155.353 6.475 -1.0 0.192 1.7168 4.569 -1.0 0.217 155.284 18.456 -1.0 0.19 4.697 -1.0 0.196 5.168 -1.0 0.338 1.71786 9.303 3.4 0.306 155.224 4.605 -1.0 0.145 1.71802 25.731 10.866 -0.009 180.208
5409 214.8681252 52.8388596 1.69948 62.283 7.209 1.522 118.908 82.944 7.491 1.389 1.69932 235.187 12.321 1.699 118.915 42.229 8.047 1.73 16.216 3.597 1.771 1.69928 60.039 4.415 0.664 143.918 5.742 -1.0 0.646 1.69937 20.348 3.212 0.649 118.913 13.5 0.464 0.627 3.578 -1.0 0.57 8.781 3.326 0.572 1.69912 25.662 3.377 0.562 118.924 4.098 -1.0 0.41 1.69918 53.38 8.001 0.276 119.197
5413 215.0723474 52.9891068 1.73446 12.52 -1.0 0.994 126.052 3.22 -1.0 1.004 1.74149 84.725 4.226 0.518 125.729 10.545 2.161 0.517 16.143 3.121 0.474 1.74188 19.101 4.373 0.156 125.711 4.669 -1.0 0.162 1.74063 9.362 2.277 0.198 125.768 12.32 -1.0 0.181 2.15 -1.0 0.162 2.094 -1.0 0.163 1.74121 6.071 1.518 0.145 125.742 3.682 -1.0 0.096 1.74127 16.645 3.433 0.036 125.74
5430 214.9713251 52.9320531 1.67677 233.314 21.994 5.566 120.702 218.069 32.451 5.132 1.67694 789.716 68.647 2.583 120.694 302.835 53.618 3.02 232.246 51.825 3.803 1.6771 143.033 21.335 1.089 109.698 34.178 16.953 1.519 1.67723 62.988 10.727 1.439 120.681 50.413 2.05 1.397 11.087 2.349 1.178 22.012 8.045 1.18 1.67756 88.592 8.466 1.15 120.666 12.066 -1.0 0.725 1.67668 175.36 18.735 0.474 101.164
5582 215.0355582 52.9466806 2.18534 189.522 39.616 1.542 144.497 630.741 46.763 1.613 2.1853 765.571 26.671 2.17 144.499 31.285 -1.0 2.125 199.447 36.616 1.701 2.18498 291.998 36.138 1.688 133.304 31.719 -1.0 1.323 2.18542 77.485 18.917 0.507 144.494 111.252 -1.0 0.619 27.823 -1.0 0.423 28.101 -1.0 0.474 2.18472 126.177 21.256 0.642 144.525 46.884 -1.0 0.688 -9.0 -9.0 -9.0 -9.0 -9.0
5632 215.0625372 52.994959 2.5314 149.044 5.132 0.94 168.208 812.86 5.201 0.864 2.53132 543.039 3.208 0.478 168.212 38.644 2.893 0.478 49.754 3.927 0.454 2.5314 86.432 2.863 0.259 193.207 2.865 -1.0 0.265 2.53164 63.344 1.819 0.256 168.196 17.55 0.03 0.26 2.954 -1.0 0.22 4.493 1.95 0.206 2.53124 35.676 2.87 0.195 168.215 -9.0 -9.0 -9.0 -9.0 -9.0 -9.0 -9.0 -9.0
6265 215.1375882 53.0031231 -9.0 -9.0 -9.0 -9.0 -9.0 29.831 -1.0 1.788 1.90214 239.756 24.975 0.0 106.803 22.287 -1.0 -0.457 152.508 29.597 1.168 1.90217 65.652 17.277 0.727 81.803 44.148 10.512 1.19 1.90183 35.461 11.604 1.639 106.815 26.177 7.652 1.767 18.862 -1.0 1.734 14.408 -1.0 1.695 1.90198 95.988 13.332 1.782 106.809 20.073 -1.0 2.017 -9.0 -9.0 -9.0 -9.0 -9.0
6540 215.1252465 53.0048165 1.57724 1854.248 61.253 12.8 133.682 3892.375 62.91 12.841 1.57724 8115.071 71.085 10.886 108.411 1163.164 65.73 10.803 1518.197 82.684 9.996 1.57722 1841.461 41.989 6.655 115.652 41.063 11.535 5.963 1.57735 46.383 -1.0 5.483 117.417 517.435 0.234 5.546 78.497 35.296 5.229 240.133 23.861 5.329 1.57718 962.174 23.076 4.484 148.059 194.607 28.959 3.652 1.57715 2464.196 41.379 1.616 103.294
6563 214.9401821 52.8360254 1.69987 177.575 9.421 4.244 128.027 271.275 9.43 4.231 1.70006 849.641 12.202 3.066 128.018 194.158 12.295 3.038 190.707 11.206 2.833 1.69992 193.997 5.92 1.82 153.026 13.712 5.87 1.849 1.69995 98.815 4.571 1.692 128.023 39.804 0.108 1.645 5.036 1.517 1.562 22.105 3.57 1.512 1.69989 88.817 3.628 1.458 128.026 31.317 5.006 0.95 1.69983 270.647 9.07 0.714 127.067
6649 215.21636 53.0237355 1.68635 215.806 10.006 5.995 110.012 313.157 9.604 6.003 1.6863 1350.062 13.996 4.883 110.014 320.924 13.958 5.011 259.71 16.908 4.946 1.68625 301.301 8.759 3.428 132.034 8.269 -1.0 3.546 1.68622 222.134 6.942 3.227 110.017 65.977 0.147 3.103 11.371 3.425 2.871 46.481 4.907 2.889 1.68603 193.735 4.843 2.83 110.025 20.05 6.923 2.12 1.68627 615.753 11.981 1.644 114.916
6689 214.9377543 52.8264538 1.4611 0.4 -1.0 11.751 128.024 40.799 11.283 11.388 1.46142 292.681 15.295 10.67 128.007 231.301 14.471 10.68 34.813 8.978 10.458 1.46129 34.183 7.267 8.162 106.755 11.597 -1.0 8.511 1.46225 36.953 12.029 7.935 127.964 54.576 -1.0 7.873 11.75 -1.0 7.602 21.75 6.207 7.175 1.46115 35.4 -1.0 7.145 128.021 30.765 -1.0 5.1 1.46137 158.911 8.712 3.592 150.726
7975 215.1300978 52.9538268 2.74263 102.877 6.797 1.304 155.156 372.686 6.584 1.164 2.74244 396.31 5.091 0.725 155.164 66.508 4.873 0.709 70.502 5.236 0.669 2.74296 72.282 3.29 0.535 163.79 4.291 -1.0 0.488 2.74252 56.5 3.231 0.407 155.161 19.15 0.371 0.383 4.726 -1.0 0.367 13.979 5.109 0.297 2.742 37.526 5.545 0.271 155.182 -9.0 -9.0 -9.0 -9.0 -9.0 -9.0 -9.0 -9.0
8041 214.9680391 52.8429609 1.63076 247.972 -1.0 2.035 251.596 332.664 55.15 1.919 1.62698 897.324 51.217 1.025 251.958 71.996 -1.0 1.073 443.12 29.636 1.399 1.62523 42.808 18.841 0.467 277.142 34.225 -1.0 0.586 1.62786 12.303 -1.0 0.608 251.874 49.708 -1.0 0.636 38.267 -1.0 0.35 51.74 15.472 0.373 1.62648 100.638 17.28 0.426 252.006 43.846 -1.0 0.241 1.62873 48.208 -1.0 0.534 251.837
8110 215.0486679 52.9034212 1.56729 190.099 16.099 4.022 130.262 320.36 15.992 3.938 1.56691 683.503 19.56 1.842 130.281 102.034 15.864 1.865 66.099 14.017 2.097 1.56715 124.506 12.293 0.949 149.331 9.047 -1.0 0.839 1.56653 74.313 9.537 0.544 130.301 49.856 -1.0 0.559 7.491 1.734 0.86 12.597 2.56 0.8 1.56736 57.035 6.976 0.748 130.258 16.097 6.619 0.527 1.56862 2.508 -1.0 0.409 130.19
8299 215.1519541 52.9927709 2.15748 58.693 9.194 1.243 171.711 201.783 9.419 1.116 2.15754 343.156 3.559 1.094 171.708 97.217 3.494 1.055 81.531 4.493 0.986 2.1576 87.226 2.511 0.665 157.742 3.384 -1.0 0.7 2.15776 77.31 2.158 0.673 171.696 16.63 0.044 0.621 3.567 -1.0 0.529 10.711 1.929 0.505 2.15752 41.897 2.028 0.484 171.709 7.831 3.423 0.321 -9.0 -9.0 -9.0 -9.0 -9.0
8515 215.0595679 52.9434344 1.56826 166.021 17.151 3.37 99.888 268.376 13.218 3.558 1.56806 589.431 15.337 1.764 99.896 89.248 13.125 1.775 79.746 14.638 1.696 1.56808 114.302 8.375 0.803 105.641 5.498 -1.0 0.922 1.56765 50.382 8.971 0.911 99.912 43.196 -1.0 0.859 10.603 2.266 0.76 5.567 1.481 0.891 1.56808 30.439 4.497 0.772 99.895 24.77 4.93 0.434 1.56794 74.519 6.064 0.372 95.503
8588 214.9111703 52.8430445 2.33705 51.396 8.705 0.743 161.505 65.513 9.703 0.785 2.33682 204.247 3.782 0.71 161.516 92.856 3.911 0.711 56.946 6.047 0.674 2.33726 42.481 1.917 0.485 186.492 3.876 0.941 0.484 2.33689 25.966 1.994 0.488 161.513 10.533 0.271 0.476 10.499 3.707 0.44 8.872 2.653 0.43 2.33692 17.795 2.397 0.446 161.511 -9.0 -9.0 -9.0 -9.0 -9.0 -9.0 -9.0 -9.0
8710 214.8815588 52.8306337 2.33773 73.872 9.107 0.803 136.494 290.807 8.545 0.796 2.33771 246.372 4.031 0.271 136.495 21.853 4.553 0.274 29.254 5.342 0.248 2.33814 41.815 2.659 0.167 119.367 11.528 3.447 0.119 2.33786 35.575 2.23 0.158 136.489 10.683 0.289 0.149 5.16 2.122 0.128 8.73 3.307 0.14 2.33808 8.216 2.746 0.137 136.48 -9.0 -9.0 -9.0 -9.0 -9.0 -9.0 -9.0 -9.0
8736 214.8855555 52.8350433 1.55506 44.329 3.739 1.719 99.919 138.735 4.073 1.624 1.55463 155.542 4.656 1.114 99.935 18.245 3.09 1.109 28.684 3.94 1.114 1.55481 30.013 2.161 0.569 107.491 2.179 -1.0 0.587 1.55489 12.993 3.03 0.505 99.925 12.848 -1.0 0.514 1.618 -1.0 0.439 2.413 0.802 0.39 1.55498 8.872 1.448 0.402 99.922 1.924 -1.0 0.269 1.55436 23.424 3.044 0.169 96.889
8971 215.1552459 53.0488005 1.5741 159.108 5.843 2.678 113.728 539.542 6.329 2.673 1.57402 685.757 6.387 1.809 113.731 66.433 7.073 1.805 106.733 6.955 1.761 1.57413 110.972 4.501 1.077 122.11 2.4 -1.0 0.991 1.5741 73.27 4.085 0.927 113.728 22.999 0.441 0.928 2.608 -1.0 0.778 8.139 2.093 0.765 1.57385 51.902 2.143 0.749 113.739 3.449 -1.0 0.565 1.57378 150.974 5.392 0.363 116.3
9025 214.891632 52.8656302 1.65152 24.136 -1.0 1.251 194.967 6.214 -1.0 1.191 1.64553 35.136 8.256 1.087 195.409 21.516 6.284 1.069 18.552 7.114 1.192 1.64729 4.877 -1.0 0.762 175.799 15.055 4.038 0.751 1.64549 17.662 4.717 0.72 195.412 12.509 2.503 0.712 14.205 2.439 0.632 0.0 0.0 0.627 -9.0 -9.0 -9.0 -9.0 -9.0 4.214 1.606 0.483 1.64386 59.989 6.671 0.345 170.516
9052 215.0741135 52.9965476 1.87213 42.088 7.033 0.701 120.744 155.057 7.216 0.632 1.87245 3.15 -1.0 0.301 120.731 3.158 -1.0 0.299 2.173 -1.0 0.305 1.8716 16.235 3.65 0.172 103.666 6.705 -1.0 0.171 1.87144 23.531 2.674 0.137 120.773 13.144 -1.0 0.135 4.774 1.165 0.117 4.985 1.972 0.121 1.87186 6.903 2.235 0.139 120.756 7.377 3.293 0.079 -9.0 -9.0 -9.0 -9.0 -9.0
9156 214.9829516 52.9357996 2.05446 159.954 14.767 1.622 130.599 585.758 14.329 1.718 2.0542 623.002 10.721 1.171 130.61 61.889 9.298 1.113 140.427 11.808 1.033 2.05449 123.654 13.279 0.827 105.6 10.034 -1.0 0.769 2.0542 69.277 4.183 0.517 130.61 27.016 0.239 0.481 5.412 -1.0 0.464 6.392 -1.0 0.415 2.05459 46.874 4.932 0.404 130.593 7.201 -1.0 0.438 -9.0 -9.0 -9.0 -9.0 -9.0
9211 215.1741079 53.0734897 1.632 185.502 5.728 1.399 107.59 894.296 5.889 1.418 1.63215 629.871 9.407 0.82 107.584 29.745 5.921 0.772 90.915 8.897 0.611 1.63217 106.596 4.187 0.375 108.202 3.553 -1.0 0.285 1.63212 64.422 4.726 0.159 107.586 18.237 5.589 0.223 2.325 -1.0 0.202 13.429 2.559 0.248 1.63174 32.353 2.512 0.207 107.601 12.816 4.768 0.093 1.63223 95.822 5.097 0.163 105.866
9238 215.0777875 53.0065121 1.74226 70.073 7.087 0.769 113.18 238.476 8.005 0.764 1.74217 336.966 6.24 0.683 113.184 48.297 6.025 0.671 78.592 8.556 0.536 1.74217 83.826 5.789 0.467 106.905 6.751 -1.0 0.365 1.7422 55.567 6.05 0.352 113.183 19.17 2.512 0.378 6.366 1.421 0.391 7.995 2.974 0.405 1.74228 41.595 3.128 0.391 113.18 13.496 5.477 0.304 1.74222 141.833 11.804 0.236 93.314
9413 215.0612039 53.0035121 1.39062 47.716 9.528 2.04 120.518 110.429 6.681 2.013 1.39021 180.238 8.835 1.062 120.539 29.712 12.807 1.057 11.068 3.36 1.047 1.39002 33.302 2.287 0.506 141.074 8.311 1.791 0.465 1.38941 5.771 2.796 0.373 120.58 15.224 -1.0 0.408 29.857 6.886 0.26 3.802 -1.0 0.346 1.3907 8.122 1.502 0.353 120.514 5.629 1.23 0.275 1.39009 26.633 1.763 0.18 112.215
11088 214.9342063 52.8263678 3.30299 147.839 8.07 0.347 136.654 880.955 8.126 0.331 3.30307 636.843 3.869 0.214 136.651 56.836 3.67 0.227 65.063 3.707 0.233 3.30323 134.442 2.967 0.151 156.276 2.168 -1.0 0.122 3.3034 139.446 2.905 0.135 136.641 34.855 0.026 0.128 8.751 4.376 0.128 -9.0 -9.0 -9.0 -9.0 -9.0 -9.0 -9.0 -9.0 -9.0 -9.0 -9.0 -9.0 -9.0 -9.0 -9.0 -9.0
11580 214.9571398 52.8723687 3.22898 8.447 2.444 0.113 117.245 35.931 1.948 0.113 3.22855 25.748 2.192 0.08 117.257 2.203 -1.0 0.076 2.386 -1.0 0.059 3.23038 3.717 1.559 0.026 142.196 1.505 -1.0 0.022 3.22996 8.296 2.188 0.027 117.218 10.668 -1.0 0.026 2.704 -1.0 0.024 -9.0 -9.0 -9.0 -9.0 -9.0 -9.0 -9.0 -9.0 -9.0 -9.0 -9.0 -9.0 -9.0 -9.0 -9.0 -9.0
11699 214.8977231 52.8361155 3.30223 49.186 22.604 0.0 108.803 238.354 26.988 0.146 3.30269 168.116 3.003 0.144 108.792 12.675 2.945 0.14 2.096 -1.0 0.13 3.3026 28.995 2.661 0.096 133.794 2.882 -1.0 0.072 3.30278 23.085 2.082 0.07 108.789 10.412 -1.0 0.064 2.03 0.668 0.088 -9.0 -9.0 -9.0 -9.0 -9.0 -9.0 -9.0 -9.0 -9.0 -9.0 -9.0 -9.0 -9.0 -9.0 -9.0 -9.0
11903 215.1619465 53.0337479 3.10962 8.365 1.421 0.043 107.995 29.085 1.9 -0.029 3.10875 42.189 3.368 0.112 108.018 6.244 2.585 0.108 3.852 -1.0 0.137 3.10848 18.837 3.354 0.116 133.026 3.788 -1.0 0.078 3.11012 19.777 4.772 0.085 107.982 22.168 -1.0 0.087 6.241 -1.0 0.095 8.691 -1.0 0.081 3.10867 35.456 -1.0 0.128 108.02 -9.0 -9.0 -9.0 -9.0 -9.0 -9.0 -9.0 -9.0
12286 214.9907912 52.9350279 2.95618 21.742 3.743 0.071 105.698 150.71 3.61 0.016 2.95615 92.901 3.974 0.0 105.698 3.856 -1.0 -0.036 21.604 5.059 -0.072 2.95601 15.196 2.913 0.006 130.703 3.948 -1.0 0.052 2.95638 13.299 2.606 0.017 105.692 7.468 1.665 0.025 8.687 4.052 0.01 9.236 2.138 0.047 2.95483 8.916 2.449 0.019 105.734 -9.0 -9.0 -9.0 -9.0 -9.0 -9.0 -9.0 -9.0
12308 214.9743451 52.9246084 3.44558 5.012 -1.0 0.2 128.813 1.291 -1.0 0.186 3.45747 357.421 4.379 0.067 128.47 14.166 3.935 0.065 39.845 6.013 0.078 3.45776 48.466 2.184 0.108 152.865 2.32 -1.0 0.084 3.45767 63.271 3.365 0.071 128.464 13.262 0.784 0.06 -9.0 -9.0 -9.0 -9.0 -9.0 -9.0 -9.0 -9.0 -9.0 -9.0 -9.0 -9.0 -9.0 -9.0 -9.0 -9.0 -9.0 -9.0 -9.0
12507 214.9868591 52.9446488 3.32181 39.021 3.091 0.109 110.214 256.965 3.147 0.079 3.32193 144.25 2.873 0.036 110.211 7.37 2.362 0.038 9.542 2.584 0.049 3.32246 14.113 1.768 0.04 119.569 3.834 0.792 0.048 3.3221 22.121 2.478 0.044 110.207 7.172 2.251 0.049 4.246 -1.0 0.061 -9.0 -9.0 -9.0 -9.0 -9.0 -9.0 -9.0 -9.0 -9.0 -9.0 -9.0 -9.0 -9.0 -9.0 -9.0 -9.0
13980 215.2256288 53.028867 3.34831 68.978 8.181 0.1 118.43 240.736 8.892 0.109 3.34827 293.281 10.878 0.022 118.431 -9.0 -9.0 -9.0 40.31 9.68 0.013 3.34873 12.077 3.774 0.102 93.422 30.71 6.855 -0.077 3.348 45.971 11.493 0.016 118.439 57.656 -1.0 0.057 8.717 -1.0 -0.244 -9.0 -9.0 -9.0 -9.0 -9.0 -9.0 -9.0 -9.0 -9.0 -9.0 -9.0 -9.0 -9.0 -9.0 -9.0 -9.0
16406 215.0325153 52.8975107 2.77199 10.586 2.388 0.0 125.938 104.823 2.369 0.019 2.77168 52.779 1.773 0.0 125.948 0.97 0.311 -0.031 7.792 1.428 -0.021 2.77162 8.654 0.911 0.015 150.95 2.047 0.445 0.013 2.77157 4.449 0.969 0.012 125.952 3.1 0.439 0.013 2.423 0.73 0.01 4.278 -1.0 0.019 2.77174 3.908 1.556 0.023 125.946 -9.0 -9.0 -9.0 -9.0 -9.0 -9.0 -9.0 -9.0
16551 215.1268573 52.9680831 2.57264 89.838 11.397 0.118 121.121 419.888 7.445 0.167 2.57242 204.428 4.633 0.12 121.129 4.064 0.84 0.118 32.828 7.069 0.135 2.5725 12.937 1.543 0.038 121.036 1.563 -1.0 0.033 2.57314 14.239 1.862 0.027 121.104 5.358 1.852 0.026 2.074 -1.0 0.006 2.538 -1.0 0.032 2.57183 10.044 1.778 0.026 121.149 -9.0 -9.0 -9.0 -9.0 -9.0 -9.0 -9.0 -9.0
16991 214.9414977 52.8505574 2.54117 63.43 4.675 0.244 137.197 627.571 4.529 0.301 2.54103 299.194 2.153 0.148 137.203 15.008 2.584 0.15 26.036 2.375 0.153 2.54083 40.512 2.027 0.089 162.212 2.906 0.699 0.079 2.54113 44.16 3.454 0.097 137.199 9.297 3.061 0.093 -9.0 -9.0 -9.0 9.462 -1.0 0.02 2.53985 33.815 2.648 0.051 137.248 -9.0 -9.0 -9.0 -9.0 -9.0 -9.0 -9.0 -9.0
17056 215.0956225 52.9617521 2.73664 19.51 2.504 0.073 125.331 146.946 2.751 0.12 2.73626 134.663 4.837 0.117 125.344 5.114 -1.0 0.115 7.117 6.297 0.155 2.73626 34.534 4.506 0.055 150.344 5.652 -1.0 0.059 2.73623 20.105 5.511 0.02 125.345 19.922 1.943 0.035 15.156 -1.0 -0.068 14.175 -1.0 0.022 2.73519 40.807 11.753 0.022 125.38 -9.0 -9.0 -9.0 -9.0 -9.0 -9.0 -9.0 -9.0
17186 215.1428364 52.9981411 2.11471 65.636 -1.0 0.681 186.102 72.92 14.749 0.916 2.11466 76.366 6.199 0.314 186.104 18.251 5.972 0.323 10.028 3.127 0.349 2.11298 19.884 7.578 0.182 161.192 6.946 -1.0 0.26 2.11362 29.777 4.379 0.294 186.167 16.762 1.524 0.284 7.356 -1.0 0.243 7.588 -1.0 0.282 2.11362 11.209 5.004 0.231 186.167 9.553 -1.0 0.238 -9.0 -9.0 -9.0 -9.0 -9.0
17264 215.2223431 53.0568435 2.02239 50.503 4.732 0.26 100.02 303.637 5.043 0.309 2.0219 0.001 0.0 0.113 100.036 0.001 0.0 0.111 0.034 -1.0 0.101 2.02251 22.629 3.885 0.082 100.016 3.624 -1.0 0.119 2.02248 0.001 0.0 0.038 100.017 0.001 0.001 0.036 1.19 -1.0 0.042 2.342 -1.0 0.055 2.02201 12.036 2.055 0.099 100.033 21.251 5.877 0.026 -9.0 -9.0 -9.0 -9.0 -9.0
17425 214.986914 52.8953471 2.40409 54.328 -1.0 0.0 152.481 45.477 5.293 0.067 2.40429 29.569 2.667 0.018 152.472 4.466 0.997 0.01 6.789 1.508 0.011 2.40373 1.62 -1.0 0.051 127.493 21.543 -1.0 0.599 2.4038 5.209 1.612 0.063 152.494 9.656 -1.0 0.078 2.752 -1.0 0.062 3.152 -1.0 -0.002 2.40543 5.374 2.687 0.021 152.421 -9.0 -9.0 -9.0 -9.0 -9.0 -9.0 -9.0 -9.0
17463 215.1358658 53.0018255 2.30336 23.312 6.2 0.125 128.913 133.766 6.281 0.127 2.30326 129.866 4.596 0.076 128.917 9.689 3.882 0.099 9.332 2.668 0.103 2.30311 3.355 -1.0 0.075 103.922 2.866 -1.0 0.036 2.30302 7.447 2.024 0.065 128.927 10.56 -1.0 0.072 2.38 -1.0 0.023 3.479 -1.0 0.027 2.30215 14.196 -1.0 0.041 128.96 -9.0 -9.0 -9.0 -9.0 -9.0 -9.0 -9.0 -9.0
17496 214.9902697 52.8995161 2.37423 46.651 4.549 0.257 139.325 213.206 4.345 0.21 2.37409 121.84 2.727 0.063 139.331 7.606 2.191 0.061 26.236 3.323 0.066 2.37455 18.352 2.048 0.098 135.757 6.369 -1.0 0.098 2.375 16.962 1.454 0.063 139.294 7.075 0.261 0.059 9.3 2.484 0.056 4.35 1.169 0.056 2.37452 12.102 2.496 0.05 139.313 -9.0 -9.0 -9.0 -9.0 -9.0 -9.0 -9.0 -9.0
18294 214.988628 52.9229215 2.63665 44.956 5.841 0.532 129.911 172.557 5.703 0.534 2.63674 211.954 3.477 0.418 129.908 21.134 4.167 0.417 33.872 5.214 0.408 2.63678 35.135 1.712 0.224 121.858 1.394 -1.0 0.21 2.63702 31.778 2.589 0.183 129.898 13.612 -1.0 0.17 3.371 -1.0 0.165 4.007 -1.0 0.189 2.63698 17.627 3.002 0.189 129.899 -9.0 -9.0 -9.0 -9.0 -9.0 -9.0 -9.0 -9.0
19179 215.0497743 52.9919114 2.71438 37.468 9.519 0.62 145.665 80.551 8.863 0.616 2.71423 186.106 7.801 0.487 145.671 31.261 8.962 0.483 54.865 9.877 0.466 -9.0 -9.0 -9.0 -9.0 -9.0 -9.0 -9.0 -9.0 2.71391 25.388 4.838 0.217 145.683 12.123 2.668 0.187 5.424 -1.0 0.097 12.316 5.459 0.148 2.71334 24.383 5.751 0.161 145.706 -9.0 -9.0 -9.0 -9.0 -9.0 -9.0 -9.0 -9.0
23542 215.1484165 52.9551591 1.27842 652.439 37.968 8.732 128.643 1545.734 35.388 8.598 1.27821 2982.561 36.267 6.0 128.655 480.884 32.883 6.116 619.558 51.527 5.94 1.27839 503.146 19.14 2.33 147.653 36.183 9.832 2.464 1.27819 222.773 16.735 2.142 128.657 120.9 0.705 1.901 34.235 8.309 1.827 27.415 -1.0 1.87 1.2781 247.906 22.719 2.122 128.661 58.497 14.923 1.91 1.27806 780.52 20.083 1.57 134.4
26594 215.1211346 52.9843726 1.40751 57.497 4.631 0.948 103.504 151.181 5.175 1.116 1.40761 128.71 9.257 1.033 103.5 10.021 3.332 1.032 16.814 3.31 0.895 -9.0 -9.0 -9.0 -9.0 -9.0 3.395 -1.0 -0.056 1.40715 11.381 2.834 0.098 103.519 12.272 -1.0 0.093 23.099 3.86 0.139 26.216 3.516 0.189 1.40681 7.891 3.332 0.144 103.534 5.697 1.263 0.065 1.40694 23.551 3.431 0.072 128.535
26836 214.9074844 52.8366454 2.01086 63.429 9.886 0.086 127.545 465.982 9.386 0.175 2.01094 163.175 5.112 0.161 127.542 5.395 -1.0 0.158 4.483 1.648 0.132 2.01061 13.831 3.423 0.121 102.553 3.448 -1.0 0.033 2.0112 18.769 2.754 0.033 127.531 14.28 -1.0 0.01 3.118 -1.0 0.083 4.747 -1.0 0.028 2.0106 7.419 3.623 0.006 127.556 9.201 -1.0 0.022 -9.0 -9.0 -9.0 -9.0 -9.0
27063 215.2167235 53.0578549 1.59506 10.771 3.761 0.762 117.9 58.443 4.689 0.753 1.59482 70.488 5.945 0.381 117.911 11.867 3.727 0.361 6.518 1.646 0.282 1.59507 6.148 2.208 0.191 110.44 1.624 -1.0 0.211 1.59548 2.486 -1.0 0.173 117.881 -9.0 -9.0 -9.0 1.709 -1.0 0.186 3.493 -1.0 0.116 1.59569 8.492 3.297 0.0 117.872 2.774 -1.0 0.064 1.59447 6.514 1.416 0.078 142.93
27182 215.0494545 52.9419542 2.48971 35.612 2.391 0.1 141.802 168.098 2.784 0.045 2.48958 98.223 1.016 0.05 141.807 4.579 0.854 0.052 13.453 1.211 0.053 2.48957 17.06 0.929 0.057 166.808 0.894 -1.0 0.049 2.48969 12.666 0.544 0.049 141.803 3.281 0.039 0.046 1.268 -1.0 0.042 1.509 0.629 0.039 2.48934 5.705 0.71 0.035 141.817 -9.0 -9.0 -9.0 -9.0 -9.0 -9.0 -9.0 -9.0
28886 214.9091161 52.8657833 1.67519 17.272 -1.0 0.551 89.793 39.37 4.49 0.561 1.6749 48.599 7.613 0.292 89.803 6.891 -1.0 0.291 26.599 6.196 0.165 1.67499 3.827 1.112 0.179 67.974 9.324 2.523 0.119 1.67579 2.666 -1.0 0.107 89.773 10.776 -1.0 0.111 3.49 0.779 0.126 -9.0 -9.0 -9.0 -9.0 -9.0 -9.0 -9.0 -9.0 4.984 -1.0 0.075 1.67482 10.666 4.535 0.066 64.805
29756 215.0664836 52.9886209 1.24048 9.943 4.503 0.579 102.884 34.302 3.037 0.633 1.24047 42.353 5.656 0.444 102.885 6.638 1.844 0.443 4.151 1.853 0.377 -9.0 -9.0 -9.0 -9.0 -9.0 -9.0 -9.0 -9.0 1.23981 2.642 -1.0 0.151 102.915 5.482 1.249 0.122 1.823 -1.0 0.097 5.48 1.212 0.092 1.24122 14.576 -1.0 0.086 102.851 0.824 -1.0 0.05 1.24049 9.3 2.618 0.063 78.077
29775 214.9734594 52.9224645 1.06057 20.964 4.663 2.527 100.069 79.191 4.562 2.597 1.05375 0.0 0.0 2.238 100.402 0.0 0.0 2.233 -9.0 -9.0 -9.0 1.06062 30.67 3.454 1.241 100.067 3.01 -1.0 1.195 1.06089 1.358 -1.0 1.185 100.054 5.488 -1.0 1.175 5.539 -1.0 1.104 6.985 3.358 0.965 1.06064 20.319 3.713 1.021 100.066 2.946 -1.0 0.937 -9.0 -9.0 -9.0 -9.0 -9.0
30715 215.0250634 52.9719759 1.89684 25.84 -1.0 0.093 123.914 31.491 3.269 0.08 1.89658 16.148 1.964 0.055 123.925 2.088 -1.0 0.052 2.03 -1.0 0.058 1.89465 2.602 0.715 0.03 124.008 1.975 -1.0 0.029 1.89755 2.055 0.898 0.03 123.884 3.434 0.477 0.027 1.458 -1.0 0.025 1.504 -1.0 0.025 1.8969 3.664 1.309 0.015 123.912 1.18 -1.0 0.0 -9.0 -9.0 -9.0 -9.0 -9.0
31075 215.0435549 52.9899173 1.28379 70.301 3.794 0.213 106.357 329.672 3.803 0.231 1.28368 229.195 5.112 0.378 106.362 3.857 1.121 0.34 18.605 5.296 0.207 -9.0 -9.0 -9.0 -9.0 -9.0 6.82 1.705 0.285 1.28368 35.88 1.967 -0.054 106.362 9.304 -1.0 0.0 2.525 -1.0 -0.071 2.263 -1.0 -0.008 1.2835 9.036 2.054 0.0 106.37 -9.0 -9.0 -9.0 1.28325 19.011 2.353 -0.036 106.382
36119 214.9309198 52.8257515 1.91238 25.903 6.412 0.791 119.124 141.076 11.602 0.657 1.91251 76.679 7.283 0.0 119.119 -9.0 -9.0 -9.0 -9.0 -9.0 -9.0 1.91445 12.37 -1.0 0.063 119.034 11.228 -1.0 0.021 1.91348 9.797 -1.0 0.003 119.079 39.596 -1.0 0.009 19.595 7.801 -0.016 26.18 10.489 0.051 1.9127 52.316 -1.0 0.008 119.111 26.068 -1.0 -0.255 -9.0 -9.0 -9.0 -9.0 -9.0
37597 215.0821113 52.9986764 1.41671 33.682 2.321 0.0 94.461 118.601 2.45 -0.006 1.41695 97.328 3.587 0.0 94.452 3.319 -1.0 -0.054 10.865 2.94 0.025 1.41714 1.039 -1.0 -0.005 69.446 3.357 1.128 -0.022 1.41708 13.66 1.353 -0.043 94.447 3.679 1.514 0.0 1.188 -1.0 -0.029 1.793 -1.0 -0.032 1.4172 5.454 1.529 0.0 94.442 1.001 -1.0 -0.022 1.41722 9.45 1.518 -0.02 91.664
39481 214.9940615 53.0016763 1.63351 12.026 1.105 0.156 96.089 51.714 1.191 0.124 1.63335 31.937 2.039 0.107 96.095 1.806 0.579 0.106 4.24 1.043 0.091 1.6343 19.537 7.018 -0.074 115.995 4.947 -1.0 -0.234 1.63346 25.082 7.537 -0.229 96.091 31.752 -1.0 0.0 5.862 -1.0 -0.195 0.503 -1.0 0.004 1.63386 2.86 0.494 0.0 96.077 0.513 -1.0 0.004 1.63275 6.412 1.578 0.012 87.467
40380 215.2186493 53.0329311 -9.0 -9.0 -9.0 -9.0 -9.0 -9.0 -9.0 -9.0 0.95779 57.136 5.267 0.452 127.576 5.549 -1.0 0.44 25.541 6.845 0.477 0.9591 6.248 1.928 0.139 152.475 4.018 -1.0 0.172 0.95714 6.929 1.42 -0.017 127.619 10.373 2.642 0.0 2.981 -1.0 0.023 3.06 -1.0 0.083 0.95714 3.137 1.032 0.108 127.619 1.949 -1.0 0.113 0.95731 6.649 1.586 0.046 104.258
